0.0
0.0
0.0
0.0
0.0
0.0
0.0
0.0
0.0
0.0
0.0
0.0
0.0
0.0
0.0
0.0
0.0
1.0
21.0
62.0
65.0
73.0
99.0
142.0
140.0
148.0
175.0
181.0
174.0
179.0
181.0
201.0
202.0
206.0
193.0
191.0
190.0
201.0
192.0
193.0
180.0
192.0
172.0
174.0
159.0
170.0
154.0
167.0
162.0
161.0
157.0
153.0
136.0
134.0
121.0
120.0
109.0
114.0
102.0
91.0
104.0
98.0
96.0
93.0
101.0
96.0
83.0
90.0
82.0
77.0
78.0
79.0
70.0
74.0
65.0
55.0
46.0
52.0
49.0
54.0
41.0
45.0
34.0
32.0
35.0
42.0
33.0
29.0
28.0
26.0
28.0
25.0
22.0
21.0
19.0
19.0
13.0
18.0
20.0
17.0
17.0
15.0
16.0
13.0
11.0
15.0
15.0
12.0
14.0
12.0
13.0
16.0
15.0
11.0
13.0
13.0
9.0
13.0
11.0
16.0
18.0
16.0
22.0
17.0
24.0
20.0
22.0
24.0
26.0
27.0
31.0
36.0
38.0
47.0
38.0
42.0
40.0
42.0
48.0
54.0
55.0
60.0
58.0
52.0
48.0
54.0
61.0
55.0
59.0
63.0
55.0
53.0
57.0
61.0
59.0
47.0
51.0
48.0
49.0
47.0
41.0
45.0
44.0
38.0
38.0
44.0
32.0
37.0
32.0
33.0
34.0
40.0
27.0
32.0
31.0
32.0
33.0
27.0
30.0
25.0
23.0
27.0
28.0
16.0
16.0
11.0
10.0
10.0
15.0
20.0
23.0
21.0
21.0
17.0
18.0
16.0
19.0
22.0
23.0
18.0
16.0
22.0
21.0
20.0
23.0
26.0
19.0
25.0
30.0
36.0
34.0
30.0
30.0
20.0
20.0
21.0
21.0
22.0
21.0
22.0
24.0
34.0
34.0
36.0
40.0
46.0
44.0
41.0
49.0
53.0
57.0
61.0
68.0
69.0
86.0
88.0
103.0
114.0
114.0
132.0
140.0
150.0
169.0
168.0
179.0
203.0
224.0
215.0
208.0
208.0
204.0
198.0
207.0
219.0
215.0
220.0
208.0
206.0
211.0
236.0
247.0
221.0
222.0
224.0
226.0
242.0
237.0
225.0
224.0
221.0
206.0
203.0
214.0
212.0
210.0
202.0
194.0
190.0
191.0
203.0
203.0
210.0
217.0
217.0
221.0
226.0
240.0
239.0
235.0
230.0
226.0
218.0
214.0
207.0
193.0
192.0
171.0
167.0
165.0
166.0
150.0
157.0
147.0
132.0
136.0
125.0
125.0
125.0
123.0
104.0
104.0
100.0
91.0
93.0
92.0
93.0
92.0
91.0
90.0
84.0
91.0
88.0
88.0
85.0
73.0
77.0
78.0
73.0
71.0
76.0
70.0
63.0
65.0
69.0
66.0
66.0
68.0
71.0
58.0
57.0
58.0
64.0
65.0
68.0
65.0
62.0
67.0
68.0
69.0
73.0
75.0
72.0
74.0
75.0
74.0
69.0
78.0
82.0
79.0
78.0
81.0
86.0
93.0
98.0
100.0
104.0
109.0
106.0
106.0
111.0
113.0
117.0
122.0
124.0
128.0
120.0
118.0
120.0
128.0
113.0
120.0
118.0
119.0
121.0
122.0
130.0
123.0
125.0
124.0
124.0
136.0
130.0
137.0
143.0
145.0
141.0
142.0
135.0
134.0
137.0
139.0
140.0
132.0
133.0
130.0
129.0
136.0
122.0
117.0
110.0
116.0
108.0
116.0
121.0
114.0
112.0
105.0
105.0
98.0
94.0
91.0
90.0
95.0
87.0
91.0
93.0
95.0
97.0
88.0
86.0
86.0
86.0
87.0
84.0
82.0
84.0
75.0
67.0
71.0
63.0
63.0
61.0
59.0
51.0
45.0
40.0
40.0
36.0
34.0
34.0
32.0
32.0
32.0
32.0
27.0
24.0
21.0
16.0
17.0
18.0
17.0
16.0
18.0
20.0
13.0
12.0
14.0
10.0
9.0
10.0
8.0
10.0
9.0
7.0
5.0
5.0
5.0
4.0
5.0
5.0
4.0
7.0
5.0
5.0
6.0
4.0
3.0
2.0
3.0
4.0
5.0
5.0
5.0
6.0
7.0
11.0
14.0
13.0
10.0
11.0
11.0
13.0
15.0
13.0
19.0
17.0
17.0
20.0
22.0
27.0
26.0
26.0
22.0
23.0
22.0
24.0
24.0
25.0
25.0
26.0
20.0
22.0
21.0
21.0
21.0
21.0
17.0
19.0
21.0
20.0
20.0
25.0
27.0
27.0
25.0
21.0
20.0
15.0
20.0
23.0
22.0
26.0
35.0
30.0
28.0
25.0
25.0
29.0
27.0
33.0
31.0
32.0
39.0
40.0
38.0
37.0
40.0
41.0
40.0
37.0
37.0
32.0
27.0
25.0
28.0
29.0
29.0
30.0
27.0
24.0
24.0
21.0
23.0
20.0
22.0
25.0
26.0
26.0
23.0
24.0
25.0
23.0
20.0
19.0
21.0
19.0
17.0
19.0
22.0
21.0
20.0
19.0
16.0
18.0
18.0
22.0
23.0
21.0
22.0
25.0
25.0
27.0
30.0
37.0
36.0
33.0
33.0
38.0
33.0
39.0
38.0
44.0
43.0
49.0
43.0
40.0
43.0
41.0
38.0
40.0
42.0
54.0
57.0
54.0
45.0
48.0
51.0
50.0
46.0
46.0
49.0
48.0
53.0
53.0
55.0
58.0
60.0
64.0
64.0
63.0
66.0
70.0
66.0
70.0
72.0
72.0
76.0
80.0
78.0
82.0
87.0
87.0
82.0
79.0
81.0
79.0
76.0
71.0
70.0
72.0
69.0
63.0
62.0
58.0
68.0
65.0
66.0
66.0
67.0
67.0
68.0
69.0
69.0
69.0
67.0
72.0
73.0
70.0
68.0
65.0
65.0
69.0
63.0
66.0
74.0
71.0
76.0
72.0
74.0
69.0
71.0
73.0
70.0
70.0
70.0
70.0
71.0
76.0
74.0
79.0
81.0
83.0
82.0
84.0
88.0
84.0
83.0
82.0
80.0
81.0
73.0
74.0
66.0
63.0
67.0
57.0
63.0
60.0
41.0
35.0
36.0
33.0
31.0
27.0
28.0
29.0
27.0
26.0
27.0
31.0
30.0
30.0
33.0
28.0
31.0
32.0
32.0
32.0
38.0
37.0
33.0
31.0
32.0
39.0
41.0
42.0
43.0
37.0
42.0
42.0
37.0
39.0
37.0
36.0
33.0
25.0
24.0
25.0
25.0
29.0
27.0
29.0
33.0
29.0
32.0
35.0
28.0
32.0
32.0
34.0
35.0
40.0
30.0
30.0
29.0
28.0
29.0
30.0
28.0
25.0
26.0
24.0
25.0
23.0
22.0
18.0
19.0
15.0
15.0
13.0
15.0
16.0
17.0
16.0
17.0
17.0
18.0
18.0
17.0
15.0
17.0
15.0
12.0
11.0
12.0
14.0
14.0
12.0
16.0
16.0
11.0
10.0
8.0
8.0
8.0
8.0
6.0
5.0
4.0
3.0
4.0
5.0
5.0
4.0
5.0
4.0
5.0
7.0
6.0
9.0
8.0
8.0
12.0
13.0
16.0
14.0
15.0
20.0
21.0
22.0
18.0
18.0
14.0
14.0
13.0
14.0
15.0
18.0
22.0
19.0
17.0
21.0
21.0
24.0
27.0
26.0
30.0
28.0
29.0
27.0
32.0
34.0
31.0
27.0
34.0
38.0
19.0
18.0
18.0
30.0
26.0
23.0
26.0
22.0
21.0
24.0
22.0
21.0
21.0
20.0
17.0
15.0
15.0
15.0
15.0
17.0
18.0
16.0
16.0
15.0
18.0
14.0
11.0
13.0
10.0
9.0
9.0
9.0
10.0
11.0
12.0
10.0
9.0
13.0
12.0
10.0
12.0
7.0
5.0
5.0
4.0
2.0
2.0
5.0
6.0
8.0
7.0
7.0
7.0
5.0
5.0
6.0
3.0
4.0
4.0
5.0
6.0
8.0
10.0
7.0
8.0
13.0
12.0
14.0
11.0
11.0
9.0
9.0
11.0
12.0
13.0
15.0
17.0
19.0
19.0
26.0
24.0
28.0
29.0
29.0
31.0
30.0
30.0
29.0
31.0
32.0
30.0
28.0
27.0
31.0
29.0
33.0
36.0
39.0
36.0
33.0
34.0
32.0
31.0
30.0
28.0
30.0
31.0
31.0
26.0
29.0
25.0
23.0
13.0
13.0
10.0
12.0
13.0
15.0
17.0
19.0
17.0
19.0
14.0
18.0
20.0
22.0
22.0
23.0
24.0
26.0
25.0
26.0
24.0
21.0
24.0
24.0
27.0
28.0
22.0
26.0
21.0
19.0
22.0
22.0
28.0
34.0
32.0
31.0
35.0
38.0
37.0
37.0
40.0
44.0
40.0
44.0
42.0
45.0
39.0
44.0
38.0
35.0
32.0
33.0
32.0
29.0
33.0
33.0
32.0
30.0
32.0
28.0
25.0
24.0
25.0
30.0
31.0
32.0
32.0
28.0
19.0
21.0
15.0
14.0
15.0
13.0
12.0
14.0
11.0
8.0
9.0
10.0
9.0
6.0
5.0
2.0
2.0
3.0
3.0
6.0
7.0
5.0
6.0
6.0
8.0
9.0
14.0
17.0
16.0
12.0
11.0
11.0
11.0
18.0
11.0
10.0
12.0
10.0
11.0
10.0
10.0
11.0
8.0
16.0
11.0
12.0
11.0
14.0
12.0
16.0
19.0
23.0
23.0
25.0
22.0
23.0
21.0
20.0
18.0
17.0
16.0
17.0
17.0
17.0
17.0
18.0
18.0
19.0
19.0
22.0
21.0
23.0
18.0
17.0
14.0
17.0
19.0
22.0
nan
nan
nan
nan
nan
nan
nan
nan
nan
nan
nan
nan
nan
nan
nan
nan
nan
nan
nan
nan
nan
nan
nan
nan
nan
nan
nan
